<12352>
239
1
255
255
255
255
2
1
2
3
1
82
13
0
0
255
254
255
254
255
254
252
30
248
6
240
2
224
2
224
0
224
0
192
0
192
0
192
0
192
0
192
0
224
0
255
0
255
2
0
0
0
0
0
0
0
0
128
0
0
0
0
128
0
238
0
0
1
0
91
0
0
0
<12177>
239
1
255
255
255
255
2
1
2
3
1
89
21
0
0
249
254
240
30
240
30
240
30
192
30
128
6
128
2
128
128
128
0
128
0
128
0
0
0
0
0
128
2
128
6
128
14
128
62
0
0
0
0
0
0
0
0
0
0
0
0
0
128
0
30
88
168
54
158
8
185
66
158
<12810>
239
1
255
255
255
255
2
1
2
3
1
86
30
0
0
255
254
255
254
253
30
240
14
224
2
192
2
128
0
128
0
0
0
0
0
0
0
0
0
0
0
0
0
192
0
240
0
240
2
0
0
0
0
0
0
0
0
0
0
0
0
0
0
52
126
172
133
45
39
233
72
80
99
<12510>
239
1
255
255
255
255
2
1
2
3
1
70
38
0
0
255
14
255
6
254
2
254
2
252
2
248
0
248
0
240
0
240
0
240
0
240
0
240
0
224
0
224
0
224
0
224
0
240
0
0
0
0
0
0
0
0
0
0
0
0
0
0
128
76
158
151
34
51
67
139
200
55
46
239
1
255
255
255
255
2
1
2
3
1
89
39
0
0
128
126
0
62
0
62
0
62
0
62
0
30
0
30
0
30
0
30
0
14
0
14
0
14
0
6
0
6
0
6
0
6
0
14
0
0
0
0
0
0
0
0
128
0
0
0
0
128
0
107
155
154
46
94
171
160
70
254